1	0	0
0.996	0.00067022	0
0.99201	0.0013346	0
0.98801	0.0019933	0
0.98402	0.0026462	0
0.98002	0.0032936	0
0.97603	0.0039355	0
0.97203	0.0045719	0
0.96804	0.005203	0
0.96404	0.0058288	0
0.96004	0.0064494	0
0.95605	0.0070648	0
0.95205	0.0076751	0
0.94806	0.0082804	0
0.94406	0.0088808	0
0.94007	0.0094763	0
0.93607	0.010067	0
0.93208	0.010653	0
0.92808	0.011234	0
0.92408	0.011811	0
0.92009	0.012383	0
0.91609	0.012951	0
0.9121	0.013514	0
0.9081	0.014073	0
0.90411	0.014628	0
0.90011	0.015178	0
0.89611	0.015725	0
0.89212	0.016267	0
0.88812	0.016805	0
0.88413	0.017339	0
0.88013	0.017869	0
0.87614	0.018395	0
0.87214	0.018918	0
0.86815	0.019437	0
0.86415	0.019952	0
0.86015	0.020463	0
0.85616	0.020971	0
0.85216	0.021475	0
0.84817	0.021975	0
0.84417	0.022472	0
0.84018	0.022966	0
0.83618	0.023456	0
0.83219	0.023943	0
0.82819	0.024427	0
0.82419	0.024907	0
0.8202	0.025384	0
0.8162	0.025859	0
0.81221	0.026329	0
0.80821	0.026797	0
0.80422	0.027262	0
0.80022	0.027724	0
0.79623	0.028182	0
0.79223	0.028638	0
0.78823	0.029091	0
0.78424	0.029541	0
0.78024	0.029988	0
0.77625	0.030433	0
0.77225	0.030874	0
0.76826	0.031313	0
0.76426	0.031749	0
0.76027	0.032182	0
0.75627	0.032613	0
0.75227	0.033041	0
0.74828	0.033466	0
0.74428	0.033889	0
0.74029	0.034309	0
0.73629	0.034727	0
0.7323	0.035142	0
0.7283	0.035555	0
0.7243	0.035965	0
0.72031	0.036372	0
0.71631	0.036777	0
0.71232	0.03718	0
0.70832	0.03758	0
0.70433	0.037978	0
0.70033	0.038373	0
0.69634	0.038766	0
0.69234	0.039156	0
0.68834	0.039544	0
0.68435	0.03993	0
0.68035	0.040313	0
0.67636	0.040694	0
0.67236	0.041072	0
0.66837	0.041448	0
0.66437	0.041822	0
0.66038	0.042193	0
0.65638	0.042562	0
0.65238	0.042928	0
0.64839	0.043292	0
0.64439	0.043654	0
0.6404	0.044013	0
0.6364	0.04437	0
0.63241	0.044724	0
0.62841	0.045076	0
0.62442	0.045426	0
0.62042	0.045773	0
0.61642	0.046117	0
0.61243	0.046459	0
0.60843	0.046799	0
0.60444	0.047136	0
0.60044	0.04747	0
0.59645	0.047802	0
0.59245	0.048132	0
0.58846	0.048458	0
0.58446	0.048782	0
0.58046	0.049104	0
0.57647	0.049423	0
0.57247	0.049739	0
0.56848	0.050052	0
0.56448	0.050363	0
0.56049	0.05067	0
0.55649	0.050975	0
0.55249	0.051277	0
0.5485	0.051577	0
0.5445	0.051873	0
0.54051	0.052166	0
0.53651	0.052456	0
0.53252	0.052744	0
0.52852	0.053028	0
0.52453	0.053309	0
0.52053	0.053587	0
0.51653	0.053861	0
0.51254	0.054133	0
0.50854	0.054401	0
0.50455	0.054666	0
0.50055	0.054927	0
0.49656	0.055185	0
0.49256	0.055439	0
0.48857	0.05569	0
0.48457	0.055938	0
0.48057	0.056181	0
0.47658	0.056421	0
0.47258	0.056657	0
0.46859	0.056889	0
0.46459	0.057117	0
0.4606	0.057342	0
0.4566	0.057562	0
0.45261	0.057778	0
0.44861	0.05799	0
0.44461	0.058198	0
0.44062	0.058402	0
0.43662	0.058601	0
0.43263	0.058795	0
0.42863	0.058985	0
0.42464	0.059171	0
0.42064	0.059352	0
0.41664	0.059528	0
0.41265	0.059699	0
0.40865	0.059865	0
0.40466	0.060027	0
0.40066	0.060183	0
0.39667	0.060334	0
0.39267	0.06048	0
0.38868	0.06062	0
0.38468	0.060755	0
0.38068	0.060884	0
0.37669	0.061008	0
0.37269	0.061126	0
0.3687	0.061238	0
0.3647	0.061344	0
0.36071	0.061444	0
0.35671	0.061538	0
0.35272	0.061626	0
0.34872	0.061708	0
0.34472	0.061782	0
0.34073	0.061851	0
0.33673	0.061912	0
0.33274	0.061967	0
0.32874	0.062015	0
0.32475	0.062055	0
0.32075	0.062089	0
0.31676	0.062115	0
0.31276	0.062134	0
0.30876	0.062145	0
0.30477	0.062148	0
0.30077	0.062144	0
0.29678	0.062131	0
0.29278	0.062111	0
0.28879	0.062082	0
0.28479	0.062044	0
0.2808	0.061998	0
0.2768	0.061944	0
0.2728	0.06188	0
0.26881	0.061807	0
0.26481	0.061725	0
0.26082	0.061633	0
0.25682	0.061532	0
0.25283	0.061421	0
0.24883	0.0613	0
0.24483	0.061169	0
0.24084	0.061028	0
0.23684	0.060875	0
0.23285	0.060713	0
0.22885	0.060539	0
0.22486	0.060353	0
0.22086	0.060157	0
0.21687	0.059948	0
0.21287	0.059728	0
0.20887	0.059495	0
0.20488	0.05925	0
0.20088	0.058992	0
0.19689	0.058722	0
0.19289	0.058437	0
0.1889	0.05814	0
0.1849	0.057828	0
0.18091	0.057502	0
0.17691	0.057161	0
0.17291	0.056806	0
0.16892	0.056434	0
0.16492	0.056048	0
0.16093	0.055645	0
0.15693	0.055225	0
0.15294	0.054788	0
0.14894	0.054334	0
0.14495	0.053861	0
0.14095	0.05337	0
0.13695	0.05286	0
0.13296	0.05233	0
0.12896	0.051779	0
0.12497	0.051207	0
0.12097	0.050613	0
0.11698	0.049997	0
0.11298	0.049356	0
0.10899	0.048691	0
0.10499	0.048	0
0.10099	0.047283	0
0.096998	0.046537	0
0.093003	0.045762	0
0.089007	0.044956	0
0.085012	0.044118	0
0.081016	0.043245	0
0.07702	0.042336	0
0.073025	0.041388	0
0.069029	0.040398	0
0.065034	0.039364	0
0.061038	0.038282	0
0.057043	0.037147	0
0.053047	0.035956	0
0.049051	0.034703	0
0.045056	0.03338	0
0.04106	0.031979	0
0.037065	0.03049	0
0.033069	0.028899	0
0.029073	0.027189	0
0.025078	0.025336	0
0.021082	0.023306	0
0.017087	0.021049	0
0.013091	0.018483	0
0.0090956	0.015454	0
0.0051	0.011607	0
0.005	0.011494	0
0.004898	0.011377	0
0.0047959	0.011259	0
0.0046939	0.011139	0
0.0045918	0.011018	0
0.0044898	0.010896	0
0.0043878	0.010772	0
0.0042857	0.010647	0
0.0041837	0.01052	0
0.0040816	0.010392	0
0.0039796	0.010262	0
0.0038776	0.01013	0
0.0037755	0.0099969	0
0.0036735	0.0098617	0
0.0035714	0.0097245	0
0.0034694	0.0095853	0
0.0033673	0.009444	0
0.0032653	0.0093005	0
0.0031633	0.0091547	0
0.0030612	0.0090065	0
0.0029592	0.0088558	0
0.0028571	0.0087025	0
0.0027551	0.0085463	0
0.0026531	0.0083872	0
0.002551	0.0082249	0
0.002449	0.0080594	0
0.0023469	0.0078903	0
0.0022449	0.0077174	0
0.0021429	0.0075406	0
0.0020408	0.0073594	0
0.0019388	0.0071736	0
0.0018367	0.0069828	0
0.0017347	0.0067866	0
0.0016327	0.0065844	0
0.0015306	0.0063758	0
0.0014286	0.0061601	0
0.0013265	0.0059365	0
0.0012245	0.005704	0
0.0011224	0.0054616	0
0.0010204	0.0052078	0
0.00091837	0.0049409	0
0.00081633	0.0046587	0
0.00071429	0.0043582	0
0.00061224	0.0040352	0
0.0005102	0.0036839	0
0.00040816	0.0032952	0
0.00030612	0.0028539	0
0.00020408	0.0023304	0
0.00010204	0.001648	0
0	0	0
0	0	0
0	-0	0
0.00010204	-0.0015836	0
0.00020408	-0.0022395	0
0.00030612	-0.0027427	0
0.00040816	-0.0031669	0
0.0005102	-0.0035406	0
0.00061224	-0.0038784	0
0.00071429	-0.004189	0
0.00081633	-0.0044781	0
0.00091837	-0.0047496	0
0.0010204	-0.0050063	0
0.0011224	-0.0052505	0
0.0012245	-0.0054838	0
0.0013265	-0.0057075	0
0.0014286	-0.0059228	0
0.0015306	-0.0061305	0
0.0016327	-0.0063313	0
0.0017347	-0.0065259	0
0.0018367	-0.0067149	0
0.0019388	-0.0068987	0
0.0020408	-0.0070777	0
0.0021429	-0.0072522	0
0.0022449	-0.0074226	0
0.0023469	-0.0075892	0
0.002449	-0.0077521	0
0.002551	-0.0079117	0
0.0026531	-0.0080681	0
0.0027551	-0.0082215	0
0.0028571	-0.0083721	0
0.0029592	-0.00852	0
0.0030612	-0.0086654	0
0.0031633	-0.0088083	0
0.0032653	-0.0089489	0
0.0033673	-0.0090874	0
0.0034694	-0.0092237	0
0.0035714	-0.009358	0
0.0036735	-0.0094905	0
0.0037755	-0.009621	0
0.0038776	-0.0097498	0
0.0039796	-0.0098769	0
0.0040816	-0.010002	0
0.0041837	-0.010126	0
0.0042857	-0.010249	0
0.0043878	-0.01037	0
0.0044898	-0.010489	0
0.0045918	-0.010607	0
0.0046939	-0.010724	0
0.0047959	-0.01084	0
0.004898	-0.010954	0
0.005	-0.011067	0
0.0051	-0.011177	0
0.0090956	-0.014905	0
0.013091	-0.017853	0
0.017087	-0.020363	0
0.021082	-0.022579	0
0.025078	-0.02458	0
0.029073	-0.026414	0
0.033069	-0.028113	0
0.037065	-0.029699	0
0.04106	-0.031189	0
0.045056	-0.032595	0
0.049051	-0.033927	0
0.053047	-0.035193	0
0.057043	-0.0364	0
0.061038	-0.037551	0
0.065034	-0.038653	0
0.069029	-0.039709	0
0.073025	-0.040721	0
0.07702	-0.041693	0
0.081016	-0.042627	0
0.085012	-0.043525	0
0.089007	-0.044389	0
0.093003	-0.045221	0
0.096998	-0.046023	0
0.10099	-0.046795	0
0.10499	-0.047539	0
0.10899	-0.048256	0
0.11298	-0.048946	0
0.11698	-0.049612	0
0.12097	-0.050253	0
0.12497	-0.050872	0
0.12896	-0.051467	0
0.13296	-0.05204	0
0.13695	-0.052592	0
0.14095	-0.053123	0
0.14495	-0.053634	0
0.14894	-0.054126	0
0.15294	-0.054598	0
0.15693	-0.055051	0
0.16093	-0.055486	0
0.16492	-0.055904	0
0.16892	-0.056303	0
0.17291	-0.056686	0
0.17691	-0.057052	0
0.18091	-0.057402	0
0.1849	-0.057736	0
0.1889	-0.058054	0
0.19289	-0.058357	0
0.19689	-0.058645	0
0.20088	-0.058918	0
0.20488	-0.059176	0
0.20887	-0.05942	0
0.21287	-0.059651	0
0.21687	-0.059868	0
0.22086	-0.060071	0
0.22486	-0.060261	0
0.22885	-0.060439	0
0.23285	-0.060603	0
0.23684	-0.060756	0
0.24084	-0.060896	0
0.24483	-0.061024	0
0.24883	-0.06114	0
0.25283	-0.061244	0
0.25682	-0.061338	0
0.26082	-0.06142	0
0.26481	-0.061491	0
0.26881	-0.061551	0
0.2728	-0.061601	0
0.2768	-0.06164	0
0.2808	-0.061669	0
0.28479	-0.061688	0
0.28879	-0.061698	0
0.29278	-0.061697	0
0.29678	-0.061687	0
0.30077	-0.061668	0
0.30477	-0.06164	0
0.30876	-0.061602	0
0.31276	-0.061556	0
0.31676	-0.061501	0
0.32075	-0.061438	0
0.32475	-0.061366	0
0.32874	-0.061287	0
0.33274	-0.061199	0
0.33673	-0.061103	0
0.34073	-0.061	0
0.34472	-0.060889	0
0.34872	-0.060771	0
0.35272	-0.060645	0
0.35671	-0.060512	0
0.36071	-0.060373	0
0.3647	-0.060226	0
0.3687	-0.060073	0
0.37269	-0.059913	0
0.37669	-0.059747	0
0.38068	-0.059575	0
0.38468	-0.059396	0
0.38868	-0.059212	0
0.39267	-0.059021	0
0.39667	-0.058825	0
0.40066	-0.058624	0
0.40466	-0.058416	0
0.40865	-0.058204	0
0.41265	-0.057986	0
0.41664	-0.057763	0
0.42064	-0.057535	0
0.42464	-0.057302	0
0.42863	-0.057065	0
0.43263	-0.056823	0
0.43662	-0.056576	0
0.44062	-0.056325	0
0.44461	-0.056069	0
0.44861	-0.05581	0
0.45261	-0.055546	0
0.4566	-0.055278	0
0.4606	-0.055007	0
0.46459	-0.054731	0
0.46859	-0.054452	0
0.47258	-0.05417	0
0.47658	-0.053884	0
0.48057	-0.053594	0
0.48457	-0.053302	0
0.48857	-0.053006	0
0.49256	-0.052707	0
0.49656	-0.052405	0
0.50055	-0.0521	0
0.50455	-0.051793	0
0.50854	-0.051482	0
0.51254	-0.051169	0
0.51653	-0.050854	0
0.52053	-0.050536	0
0.52453	-0.050215	0
0.52852	-0.049892	0
0.53252	-0.049567	0
0.53651	-0.04924	0
0.54051	-0.048911	0
0.5445	-0.04858	0
0.5485	-0.048246	0
0.55249	-0.047911	0
0.55649	-0.047574	0
0.56049	-0.047235	0
0.56448	-0.046895	0
0.56848	-0.046553	0
0.57247	-0.046209	0
0.57647	-0.045864	0
0.58046	-0.045517	0
0.58446	-0.045169	0
0.58846	-0.044819	0
0.59245	-0.044469	0
0.59645	-0.044117	0
0.60044	-0.043763	0
0.60444	-0.043409	0
0.60843	-0.043053	0
0.61243	-0.042696	0
0.61642	-0.042338	0
0.62042	-0.04198	0
0.62442	-0.04162	0
0.62841	-0.041259	0
0.63241	-0.040897	0
0.6364	-0.040534	0
0.6404	-0.040171	0
0.64439	-0.039806	0
0.64839	-0.039441	0
0.65238	-0.039075	0
0.65638	-0.038708	0
0.66038	-0.03834	0
0.66437	-0.037971	0
0.66837	-0.037602	0
0.67236	-0.037232	0
0.67636	-0.036861	0
0.68035	-0.036489	0
0.68435	-0.036116	0
0.68834	-0.035743	0
0.69234	-0.035369	0
0.69634	-0.034994	0
0.70033	-0.034619	0
0.70433	-0.034242	0
0.70832	-0.033865	0
0.71232	-0.033487	0
0.71631	-0.033108	0
0.72031	-0.032728	0
0.7243	-0.032348	0
0.7283	-0.031966	0
0.7323	-0.031584	0
0.73629	-0.0312	0
0.74029	-0.030816	0
0.74428	-0.03043	0
0.74828	-0.030044	0
0.75227	-0.029656	0
0.75627	-0.029267	0
0.76027	-0.028877	0
0.76426	-0.028486	0
0.76826	-0.028093	0
0.77225	-0.027699	0
0.77625	-0.027304	0
0.78024	-0.026907	0
0.78424	-0.026509	0
0.78823	-0.026109	0
0.79223	-0.025707	0
0.79623	-0.025304	0
0.80022	-0.024899	0
0.80422	-0.024492	0
0.80821	-0.024083	0
0.81221	-0.023672	0
0.8162	-0.023259	0
0.8202	-0.022844	0
0.82419	-0.022426	0
0.82819	-0.022007	0
0.83219	-0.021584	0
0.83618	-0.02116	0
0.84018	-0.020732	0
0.84417	-0.020302	0
0.84817	-0.019869	0
0.85216	-0.019433	0
0.85616	-0.018994	0
0.86015	-0.018552	0
0.86415	-0.018106	0
0.86815	-0.017657	0
0.87214	-0.017205	0
0.87614	-0.016749	0
0.88013	-0.016289	0
0.88413	-0.015826	0
0.88812	-0.015358	0
0.89212	-0.014886	0
0.89611	-0.01441	0
0.90011	-0.013929	0
0.90411	-0.013444	0
0.9081	-0.012954	0
0.9121	-0.012459	0
0.91609	-0.01196	0
0.92009	-0.011455	0
0.92408	-0.010944	0
0.92808	-0.010428	0
0.93208	-0.0099069	0
0.93607	-0.0093796	0
0.94007	-0.0088463	0
0.94406	-0.0083067	0
0.94806	-0.0077608	0
0.95205	-0.0072084	0
0.95605	-0.0066493	0
0.96004	-0.0060833	0
0.96404	-0.0055101	0
0.96804	-0.0049297	0
0.97203	-0.0043418	0
0.97603	-0.0037462	0
0.98002	-0.0031428	0
0.98402	-0.0025312	0
0.98801	-0.0019114	0
0.99201	-0.0012831	0
0.996	-0.000646	0
1	-0	0
